squared: 1
                  LR:   0.091044   0.756528   1.135841
              Ridge1:   0.091043   0.756527   1.135842
            Ridge0,9:   0.091043   0.756527   1.135842
            Ridge0,7:   0.091043   0.756527   1.135842
            Ridge0.5:   0.091043   0.756527   1.135842
              Lasso1:  -0.000054   0.789742   1.249678
            Lasso0.7:  -0.000054   0.789742   1.249678
            Lasso0.5:  -0.000054   0.789742   1.249678
            Lasso0.3:  -0.000054   0.789742   1.249678
    ElasticNet.1.0.2:   0.024286   0.780366   1.219262
   ElasticNet.1.0.25:   0.012801   0.784722   1.233614
    ElasticNet.1.0.4:  -0.000054   0.789742   1.249678
  ElasticNet.0.5.0.2:   0.057692   0.766956   1.177518
 ElasticNet.0.5.0.25:   0.049135   0.771129   1.188211
  ElasticNet.0.5.0.4:   0.032409   0.777231   1.209112
  ElasticNet.0.3.0.2:   0.076925   0.759609   1.153484
 ElasticNet.0.3.0.25:   0.072298   0.761157   1.159266
  ElasticNet.0.3.0.4:   0.056199   0.768444   1.179384
  ElasticNet.0.2.0.2:   0.084864   0.756884   1.143563
 ElasticNet.0.2.0.25:   0.082557   0.757698   1.146446
  ElasticNet.0.2.0.4:   0.073656   0.760726   1.157569
squared: 2
                  LR:   0.105936   0.748487   1.117232
              Ridge1:   0.106002   0.748456   1.117149
            Ridge0,9:   0.105995   0.748459   1.117157
            Ridge0,7:   0.105982   0.748465   1.117174
            Ridge0.5:   0.105969   0.748472   1.117190
              Lasso1:  -0.000054   0.789742   1.249678
            Lasso0.7:  -0.000054   0.789742   1.249678
            Lasso0.5:  -0.000054   0.789742   1.249678
            Lasso0.3:   0.015092   0.786081   1.230751
    ElasticNet.1.0.2:   0.035045   0.778532   1.205817
   ElasticNet.1.0.25:   0.022536   0.783368   1.221449
    ElasticNet.1.0.4:   0.000168   0.789691   1.249400
  ElasticNet.0.5.0.2:   0.067658   0.764893   1.165064
 ElasticNet.0.5.0.25:   0.061719   0.767657   1.172485
  ElasticNet.0.5.0.4:   0.040484   0.776375   1.199021
  ElasticNet.0.3.0.2:   0.086398   0.757000   1.141647
 ElasticNet.0.3.0.25:   0.080459   0.759224   1.149068
  ElasticNet.0.3.0.4:   0.067255   0.765098   1.165568
  ElasticNet.0.2.0.2:   0.098372   0.752034   1.126684
 ElasticNet.0.2.0.25:   0.093483   0.753983   1.132793
  ElasticNet.0.2.0.4:   0.080880   0.758872   1.148542
squared: 3
                  LR:   0.047111   0.773147   1.190739
              Ridge1:   0.050580   0.772286   1.186405
            Ridge0,9:   0.050269   0.772365   1.186794
            Ridge0,7:   0.049625   0.772528   1.187598
            Ridge0.5:   0.048951   0.772698   1.188440
              Lasso1:   0.029589   0.781058   1.212636
            Lasso0.7:   0.040053   0.777033   1.199560
            Lasso0.5:   0.045804   0.774657   1.192373
            Lasso0.3:   0.052520   0.771808   1.183981
    ElasticNet.1.0.2:   0.065928   0.766678   1.167226
   ElasticNet.1.0.25:   0.058139   0.769818   1.176959
    ElasticNet.1.0.4:   0.048149   0.773571   1.189442
  ElasticNet.0.5.0.2:   0.083124   0.759673   1.145738
 ElasticNet.0.5.0.25:   0.077638   0.762121   1.152593
  ElasticNet.0.5.0.4:   0.066731   0.766359   1.166223
  ElasticNet.0.3.0.2:   0.093028   0.754859   1.133362
 ElasticNet.0.3.0.25:   0.089874   0.756287   1.137302
  ElasticNet.0.3.0.4:   0.078719   0.761657   1.151243
  ElasticNet.0.2.0.2:   0.099775   0.751497   1.124930
 ElasticNet.0.2.0.25:   0.096930   0.753140   1.128486
  ElasticNet.0.2.0.4:   0.089199   0.756691   1.138146
