                  LR:   0.099121   0.752271   1.125747
              Ridge1:   0.099121   0.752267   1.125747
            Ridge0,9:   0.099121   0.752267   1.125747
            Ridge0,7:   0.099121   0.752268   1.125747
            Ridge0.5:   0.099121   0.752269   1.125747
              Lasso1:  -0.000054   0.789742   1.249678
            Lasso0.7:  -0.000054   0.789742   1.249678
            Lasso0.5:  -0.000054   0.789742   1.249678
            Lasso0.3:  -0.000054   0.789742   1.249678
    ElasticNet.1.0.2:   0.024286   0.780366   1.219262
   ElasticNet.1.0.25:   0.012801   0.784722   1.233614
    ElasticNet.1.0.4:  -0.000054   0.789742   1.249678
  ElasticNet.0.5.0.2:   0.062800   0.763853   1.171134
 ElasticNet.0.5.0.25:   0.053854   0.768180   1.182314
  ElasticNet.0.5.0.4:   0.032409   0.777231   1.209112
  ElasticNet.0.3.0.2:   0.084074   0.755375   1.144550
 ElasticNet.0.3.0.25:   0.078594   0.757379   1.151398
  ElasticNet.0.3.0.4:   0.061732   0.765087   1.172469
  ElasticNet.0.2.0.2:   0.092838   0.752479   1.133599
 ElasticNet.0.2.0.25:   0.090104   0.753433   1.137015
  ElasticNet.0.2.0.4:   0.079729   0.757313   1.149979
squared: 2
                  LR:   0.125685   0.740942   1.092553
              Ridge1:   0.125715   0.740924   1.092516
            Ridge0,9:   0.125712   0.740926   1.092519
            Ridge0,7:   0.125706   0.740930   1.092527
            Ridge0.5:   0.125700   0.740933   1.092534
              Lasso1:  -0.000054   0.789742   1.249678
            Lasso0.7:  -0.000054   0.789742   1.249678
            Lasso0.5:  -0.000054   0.789742   1.249678
            Lasso0.3:   0.015092   0.786081   1.230751
    ElasticNet.1.0.2:   0.038550   0.776220   1.201438
   ElasticNet.1.0.25:   0.023745   0.782551   1.219939
    ElasticNet.1.0.4:   0.000168   0.789691   1.249400
  ElasticNet.0.5.0.2:   0.072493   0.761928   1.159022
 ElasticNet.0.5.0.25:   0.066637   0.764257   1.166339
  ElasticNet.0.5.0.4:   0.043798   0.774096   1.194879
  ElasticNet.0.3.0.2:   0.096787   0.752051   1.128664
 ElasticNet.0.3.0.25:   0.087875   0.755480   1.139801
  ElasticNet.0.3.0.4:   0.071967   0.761999   1.159680
  ElasticNet.0.2.0.2:   0.109443   0.746538   1.112849
 ElasticNet.0.2.0.25:   0.104682   0.748534   1.118799
  ElasticNet.0.2.0.4:   0.087055   0.755700   1.140825
squared: 3
                  LR:   0.058479   0.776662   1.176535
              Ridge1:   0.063376   0.774846   1.170415
            Ridge0,9:   0.062953   0.775011   1.170943
            Ridge0,7:   0.062069   0.775353   1.172048
            Ridge0.5:   0.061128   0.775707   1.173224
              Lasso1:   0.029589   0.781058   1.212636
            Lasso0.7:   0.044237   0.774274   1.194332
            Lasso0.5:   0.053480   0.769645   1.182782
            Lasso0.3:   0.064083   0.765080   1.169532
    ElasticNet.1.0.2:   0.080893   0.758569   1.148526
   ElasticNet.1.0.25:   0.071797   0.762274   1.159892
    ElasticNet.1.0.4:   0.056977   0.767919   1.178411
  ElasticNet.0.5.0.2:   0.094878   0.752444   1.131050
 ElasticNet.0.5.0.25:   0.092232   0.753351   1.134356
  ElasticNet.0.5.0.4:   0.081711   0.758231   1.147503
  ElasticNet.0.3.0.2:   0.102359   0.749469   1.121701
 ElasticNet.0.3.0.25:   0.099497   0.750385   1.125277
  ElasticNet.0.3.0.4:   0.093265   0.752855   1.133065
  ElasticNet.0.2.0.2:   0.110589   0.745432   1.111417
 ElasticNet.0.2.0.25:   0.105452   0.747974   1.117836
  ElasticNet.0.2.0.4:   0.098588   0.750741   1.126413