squared: 1
                  LR:   0.091605   0.755842   1.135140
              Ridge1:   0.091603   0.755841   1.135142
            Ridge0,9:   0.091603   0.755841   1.135142
            Ridge0,7:   0.091604   0.755841   1.135141
            Ridge0.5:   0.091604   0.755842   1.135141
              Lasso1:  -0.000054   0.789742   1.249678
            Lasso0.7:  -0.000054   0.789742   1.249678
            Lasso0.5:  -0.000054   0.789742   1.249678
            Lasso0.3:  -0.000054   0.789742   1.249678
    ElasticNet.1.0.2:   0.024286   0.780366   1.219262
   ElasticNet.1.0.25:   0.012801   0.784722   1.233614
    ElasticNet.1.0.4:  -0.000054   0.789742   1.249678
  ElasticNet.0.5.0.2:   0.057692   0.766956   1.177518
 ElasticNet.0.5.0.25:   0.049135   0.771129   1.188211
  ElasticNet.0.5.0.4:   0.032409   0.777231   1.209112
  ElasticNet.0.3.0.2:   0.076925   0.759609   1.153484
 ElasticNet.0.3.0.25:   0.072298   0.761157   1.159266
  ElasticNet.0.3.0.4:   0.056199   0.768444   1.179384
  ElasticNet.0.2.0.2:   0.084864   0.756884   1.143563
 ElasticNet.0.2.0.25:   0.082557   0.757698   1.146446
  ElasticNet.0.2.0.4:   0.073656   0.760726   1.157569
squared: 2
                  LR:   0.107713   0.747875   1.115011
              Ridge1:   0.107774   0.747846   1.114934
            Ridge0,9:   0.107768   0.747849   1.114942
            Ridge0,7:   0.107756   0.747855   1.114957
            Ridge0.5:   0.107744   0.747861   1.114973
              Lasso1:  -0.000054   0.789742   1.249678
            Lasso0.7:  -0.000054   0.789742   1.249678
            Lasso0.5:  -0.000054   0.789742   1.249678
            Lasso0.3:   0.015092   0.786081   1.230751
    ElasticNet.1.0.2:   0.035045   0.778532   1.205817
   ElasticNet.1.0.25:   0.022536   0.783368   1.221449
    ElasticNet.1.0.4:   0.000168   0.789691   1.249400
  ElasticNet.0.5.0.2:   0.067658   0.764893   1.165064
 ElasticNet.0.5.0.25:   0.061719   0.767657   1.172485
  ElasticNet.0.5.0.4:   0.040484   0.776375   1.199021
  ElasticNet.0.3.0.2:   0.085494   0.757257   1.142776
 ElasticNet.0.3.0.25:   0.080276   0.759308   1.149296
  ElasticNet.0.3.0.4:   0.067255   0.765098   1.165568
  ElasticNet.0.2.0.2:   0.096532   0.752781   1.128982
 ElasticNet.0.2.0.25:   0.091984   0.754439   1.134666
  ElasticNet.0.2.0.4:   0.080880   0.758872   1.148542
squared: 3
                  LR:   0.082578   0.759598   1.146420
              Ridge1:   0.082972   0.759319   1.145927
            Ridge0,9:   0.082933   0.759346   1.145976
            Ridge0,7:   0.082854   0.759401   1.146075
            Ridge0.5:   0.082775   0.759456   1.146173
              Lasso1:   0.029589   0.781058   1.212636
            Lasso0.7:   0.040053   0.777033   1.199560
            Lasso0.5:   0.045804   0.774657   1.192373
            Lasso0.3:   0.051937   0.772114   1.184710
    ElasticNet.1.0.2:   0.063215   0.768276   1.170617
   ElasticNet.1.0.25:   0.057086   0.770437   1.178275
    ElasticNet.1.0.4:   0.047966   0.773638   1.189672
  ElasticNet.0.5.0.2:   0.083907   0.759619   1.144759
 ElasticNet.0.5.0.25:   0.077457   0.762540   1.152819
  ElasticNet.0.5.0.4:   0.063938   0.768027   1.169713
  ElasticNet.0.3.0.2:   0.095044   0.754771   1.130842
 ElasticNet.0.3.0.25:   0.090921   0.756346   1.135994
  ElasticNet.0.3.0.4:   0.079189   0.761796   1.150655
  ElasticNet.0.2.0.2:   0.103417   0.750684   1.120379
 ElasticNet.0.2.0.25:   0.099234   0.753058   1.125606
  ElasticNet.0.2.0.4:   0.090706   0.756573   1.136264