squared: 1
                  LR:   0.101066   0.750569   1.123317
              Ridge1:   0.101066   0.750565   1.123317
            Ridge0,9:   0.101066   0.750566   1.123317
            Ridge0,7:   0.101066   0.750566   1.123317
            Ridge0.5:   0.101066   0.750567   1.123317
              Lasso1:  -0.000054   0.789742   1.249678
            Lasso0.7:  -0.000054   0.789742   1.249678
            Lasso0.5:  -0.000054   0.789742   1.249678
            Lasso0.3:  -0.000054   0.789742   1.249678
    ElasticNet.1.0.2:   0.024286   0.780366   1.219262
   ElasticNet.1.0.25:   0.012801   0.784722   1.233614
    ElasticNet.1.0.4:  -0.000054   0.789742   1.249678
  ElasticNet.0.5.0.2:   0.062800   0.763853   1.171134
 ElasticNet.0.5.0.25:   0.053854   0.768180   1.182314
  ElasticNet.0.5.0.4:   0.032409   0.777231   1.209112
  ElasticNet.0.3.0.2:   0.084117   0.755184   1.144496
 ElasticNet.0.3.0.25:   0.078594   0.757379   1.151398
  ElasticNet.0.3.0.4:   0.061732   0.765087   1.172469
  ElasticNet.0.2.0.2:   0.093055   0.752062   1.133328
 ElasticNet.0.2.0.25:   0.090208   0.753159   1.136885
  ElasticNet.0.2.0.4:   0.079729   0.757314   1.149980
squared: 2
                  LR:   0.124936   0.742028   1.093489
              Ridge1:   0.124972   0.742004   1.093444
            Ridge0,9:   0.124968   0.742006   1.093449
            Ridge0,7:   0.124961   0.742011   1.093458
            Ridge0.5:   0.124954   0.742016   1.093467
              Lasso1:  -0.000054   0.789742   1.249678
            Lasso0.7:  -0.000054   0.789742   1.249678
            Lasso0.5:  -0.000054   0.789742   1.249678
            Lasso0.3:   0.015092   0.786081   1.230751
    ElasticNet.1.0.2:   0.038550   0.776220   1.201438
   ElasticNet.1.0.25:   0.023745   0.782551   1.219939
    ElasticNet.1.0.4:   0.000168   0.789691   1.249400
  ElasticNet.0.5.0.2:   0.072493   0.761928   1.159022
 ElasticNet.0.5.0.25:   0.066637   0.764257   1.166339
  ElasticNet.0.5.0.4:   0.043798   0.774096   1.194879
  ElasticNet.0.3.0.2:   0.096737   0.751900   1.128726
 ElasticNet.0.3.0.25:   0.087875   0.755480   1.139801
  ElasticNet.0.3.0.4:   0.071967   0.761999   1.159680
  ElasticNet.0.2.0.2:   0.109385   0.746346   1.112922
 ElasticNet.0.2.0.25:   0.104673   0.748269   1.118810
  ElasticNet.0.2.0.4:   0.087055   0.755700   1.140825
squared: 3
                  LR:   0.086425   0.760824   1.141613
              Ridge1:   0.087855   0.760278   1.139826
            Ridge0,9:   0.087728   0.760329   1.139984
            Ridge0,7:   0.087465   0.760433   1.140312
            Ridge0.5:   0.087188   0.760540   1.140659
              Lasso1:   0.029589   0.781058   1.212636
            Lasso0.7:   0.044237   0.774274   1.194332
            Lasso0.5:   0.053480   0.769645   1.182782
            Lasso0.3:   0.064083   0.765080   1.169532
    ElasticNet.1.0.2:   0.080893   0.758569   1.148526
   ElasticNet.1.0.25:   0.071797   0.762274   1.159892
    ElasticNet.1.0.4:   0.056977   0.767919   1.178411
  ElasticNet.0.5.0.2:   0.094747   0.752253   1.131213
 ElasticNet.0.5.0.25:   0.092203   0.753341   1.134392
  ElasticNet.0.5.0.4:   0.081711   0.758231   1.147503
  ElasticNet.0.3.0.2:   0.101633   0.749337   1.122609
 ElasticNet.0.3.0.25:   0.099165   0.750178   1.125693
  ElasticNet.0.3.0.4:   0.093204   0.752832   1.133142
  ElasticNet.0.2.0.2:   0.109229   0.745628   1.113117
 ElasticNet.0.2.0.25:   0.104615   0.747900   1.118882
  ElasticNet.0.2.0.4:   0.098605   0.750418   1.126392