                  LR:   0.092255   0.754775   1.134327
              Ridge1:   0.092252   0.754774   1.134331
            Ridge0,9:   0.092253   0.754775   1.134330
            Ridge0,7:   0.092253   0.754775   1.134330
            Ridge0.5:   0.092254   0.754775   1.134329
              Lasso1:  -0.000054   0.789742   1.249678
            Lasso0.7:  -0.000054   0.789742   1.249678
            Lasso0.5:  -0.000054   0.789742   1.249678
            Lasso0.3:  -0.000054   0.789742   1.249678
    ElasticNet.1.0.2:   0.024286   0.780366   1.219262
   ElasticNet.1.0.25:   0.012801   0.784722   1.233614
    ElasticNet.1.0.4:  -0.000054   0.789742   1.249678
  ElasticNet.0.5.0.2:   0.057692   0.766956   1.177517
 ElasticNet.0.5.0.25:   0.049135   0.771129   1.188211
  ElasticNet.0.5.0.4:   0.032409   0.777231   1.209112
  ElasticNet.0.3.0.2:   0.075726   0.759288   1.154982
 ElasticNet.0.3.0.25:   0.071627   0.761047   1.160105
  ElasticNet.0.3.0.4:   0.056199   0.768444   1.179384
  ElasticNet.0.2.0.2:   0.083335   0.756679   1.145473
 ElasticNet.0.2.0.25:   0.081213   0.757478   1.148126
  ElasticNet.0.2.0.4:   0.073394   0.760695   1.157896
squared: 2
                  LR:   0.107298   0.744535   1.115530
              Ridge1:   0.107329   0.744522   1.115491
            Ridge0,9:   0.107326   0.744523   1.115495
            Ridge0,7:   0.107320   0.744526   1.115502
            Ridge0.5:   0.107313   0.744528   1.115510
              Lasso1:  -0.000054   0.789742   1.249678
            Lasso0.7:  -0.000054   0.789742   1.249678
            Lasso0.5:  -0.000054   0.789742   1.249678
            Lasso0.3:   0.015092   0.786081   1.230751
    ElasticNet.1.0.2:   0.035045   0.778532   1.205817
   ElasticNet.1.0.25:   0.022536   0.783368   1.221449
    ElasticNet.1.0.4:   0.000168   0.789691   1.249400
  ElasticNet.0.5.0.2:   0.067658   0.764893   1.165064
 ElasticNet.0.5.0.25:   0.061719   0.767657   1.172485
  ElasticNet.0.5.0.4:   0.040484   0.776375   1.199021
  ElasticNet.0.3.0.2:   0.084059   0.756998   1.144569
 ElasticNet.0.3.0.25:   0.079516   0.759193   1.150246
  ElasticNet.0.3.0.4:   0.067255   0.765098   1.165568
  ElasticNet.0.2.0.2:   0.093821   0.752321   1.132370
 ElasticNet.0.2.0.25:   0.090056   0.754140   1.137075
  ElasticNet.0.2.0.4:   0.080498   0.758800   1.149018
squared: 3
                  LR:   0.112431   0.741230   1.109116
              Ridge1:   0.112443   0.741236   1.109100
            Ridge0,9:   0.112442   0.741236   1.109101
            Ridge0,7:   0.112440   0.741234   1.109104
            Ridge0.5:   0.112438   0.741233   1.109107
              Lasso1:   0.029589   0.781058   1.212636
            Lasso0.7:   0.040053   0.777033   1.199560
            Lasso0.5:   0.045804   0.774657   1.192373
            Lasso0.3:   0.051937   0.772114   1.184710
    ElasticNet.1.0.2:   0.062806   0.768367   1.171127
   ElasticNet.1.0.25:   0.057086   0.770437   1.178275
    ElasticNet.1.0.4:   0.047966   0.773638   1.189672
  ElasticNet.0.5.0.2:   0.079388   0.761074   1.150406
 ElasticNet.0.5.0.25:   0.074659   0.763339   1.156316
  ElasticNet.0.5.0.4:   0.063527   0.768107   1.170226
  ElasticNet.0.3.0.2:   0.091569   0.755271   1.135184
 ElasticNet.0.3.0.25:   0.086118   0.757985   1.141996
  ElasticNet.0.3.0.4:   0.076984   0.762206   1.153411
  ElasticNet.0.2.0.2:   0.102615   0.748709   1.121381
 ElasticNet.0.2.0.25:   0.097740   0.751760   1.127473
  ElasticNet.0.2.0.4:   0.086134   0.758077   1.141976